00000   00001  -11.5157
00000   00002  -31.3977
00000   00003  -62.505
00000   00004  -31.4459
00000   00005  -30.2937
00000   00006  -66.6854
00000   00007  -36.6145
00000   00008  -19.703
00000   00009  -63.6509
00000   00010  -24.1344
00000   00011  -4.34281
00000   00012  -25.6422
00000   00013  -13.886
00000   00014  -21.749
00000   00015  -57.1763
00000   00016  -32.6151
00000   00017  -28.2766
00000   00018  -63.7793
00000   00019  -59.1521
00000   00020  -19.9121
00000   00021  -67.9961
00000   00022  -25.0202
00000   00023  -10.4719
00000   00024  -28.7066
00001   00000  -11.5157
00001   00002  -12.1492
00001   00003  -55.7031
00001   00004  -16.2229
00001   00005  -33.7716
00001   00006  -64.3551
00001   00007  -34.7373
00001   00008  -31.0291
00001   00009  -62.6948
00001   00010  -15.5489
00001   00011  -15.0085
00001   00012  -43.2401
00001   00013  -1.56607
00001   00014  -7.61055
00001   00015  -51.372
00001   00016  -16.599
00001   00017  -31.1771
00001   00018  -61.1329
00001   00019  -55.2995
00001   00020  -31.9264
00001   00021  -70.3167
00001   00022  -14.6051
00001   00023  -16.7614
00001   00024  -47.6061
00002   00000  -31.3977
00002   00001  -12.1492
00002   00003  -81.4164
00002   00004  -23.6508
00002   00005  -48.5487
00002   00006  -86.9879
00002   00007  -34.4474
00002   00008  -47.6064
00002   00009  -86.6088
00002   00010  -29.0736
00002   00011  -34.1627
00002   00012  -62.1515
00002   00013  -9.50664
00002   00014  -7.55016
00002   00015  -73.3809
00002   00016  -19.0519
00002   00017  -44.1607
00002   00018  -83.4555
00002   00019  -41.6715
00002   00020  -50.3364
00002   00021  -96.2941
00002   00022  -25.6046
00002   00023  -35.1626
00002   00024  -65.4028
00003   00000  -62.505
00003   00001  -55.7031
00003   00002  -81.4164
00003   00004  -61.0104
00003   00005  -81.6298
00003   00006  -29.5484
00003   00007  -62.4258
00003   00008  -71.9544
00003   00009  -37.5607
00003   00010  -61.904
00003   00011  -73.8388
00003   00012  -67.8665
00003   00013  -65.9739
00003   00014  -65.7622
00003   00015  -3.4905
00003   00016  -59.5541
00003   00017  -76.2377
00003   00018  -29.0986
00003   00019  -80.8654
00003   00020  -71.9473
00003   00021  -32.293
00003   00022  -63.2526
00003   00023  -76.6066
00003   00024  -67.9998
00004   00000  -31.4459
00004   00001  -16.2229
00004   00002  -23.6508
00004   00003  -61.0104
00004   00005  -25.1224
00004   00006  -62.7736
00004   00007  -24.7978
00004   00008  -36.1021
00004   00009  -73.2373
00004   00010  -15.5593
00004   00011  -32.0036
00004   00012  -32.6906
00004   00013  -18.9293
00004   00014  -18.5886
00004   00015  -53.7066
00004   00016  -2.61802
00004   00017  -24.6614
00004   00018  -61.5891
00004   00019  -41.23
00004   00020  -37.0209
00004   00021  -80.8753
00004   00022  -13.8644
00004   00023  -32.1753
00004   00024  -37.8132
00005   00000  -30.2937
00005   00001  -33.7716
00005   00002  -48.5487
00005   00003  -81.6298
00005   00004  -25.1224
00005   00006  -52.7308
00005   00007  -32.5948
00005   00008  -14.5003
00005   00009  -63.4301
00005   00010  -19.355
00005   00011  -33.1749
00005   00012  -27.5163
00005   00013  -38.2476
00005   00014  -37.4462
00005   00015  -68.3216
00005   00016  -25.914
00005   00017  -1.06907
00005   00018  -50.7762
00005   00019  -56.1705
00005   00020  -16.647
00005   00021  -70.0238
00005   00022  -23.6283
00005   00023  -43.2948
00005   00024  -32.5201
00006   00000  -66.6854
00006   00001  -64.3551
00006   00002  -86.9879
00006   00003  -29.5484
00006   00004  -62.7736
00006   00005  -52.7308
00006   00007  -61.3193
00006   00008  -57.2209
00006   00009  -15.8568
00006   00010  -61.0683
00006   00011  -78.1275
00006   00012  -67.0331
00006   00013  -73.9982
00006   00014  -73.0245
00006   00015  -23.432
00006   00016  -60.8907
00006   00017  -48.71
00006   00018  -2.25856
00006   00019  -79.4509
00006   00020  -59.8334
00006   00021  -14.6592
00006   00022  -64.1717
00006   00023  -86.0666
00006   00024  -67.0455
00007   00000  -36.6145
00007   00001  -34.7373
00007   00002  -34.4474
00007   00003  -62.4258
00007   00004  -24.7978
00007   00005  -32.5948
00007   00006  -61.3193
00007   00008  -22.9012
00007   00009  -63.1671
00007   00010  -29.6479
00007   00011  -40.8145
00007   00012  -30.0896
00007   00013  -37.3389
00007   00014  -32.4895
00007   00015  -49.2321
00007   00016  -20.1528
00007   00017  -29.8838
00007   00018  -65.4148
00007   00019  -9.52093
00007   00020  -22.1968
00007   00021  -66.5479
00007   00022  -30.3476
00007   00023  -48.4076
00007   00024  -36.8612
00008   00000  -19.703
00008   00001  -31.0291
00008   00002  -47.6064
00008   00003  -71.9544
00008   00004  -36.1021
00008   00005  -14.5003
00008   00006  -57.2209
00008   00007  -22.9012
00008   00009  -46.3365
00008   00010  -17.4076
00008   00011  -24.2699
00008   00012  -22.3566
00008   00013  -36.2829
00008   00014  -37.6971
00008   00015  -59.8217
00008   00016  -36.5427
00008   00017  -16.0138
00008   00018  -54.957
00008   00019  -45.2127
00008   00020  -1.08184
00008   00021  -51.709
00008   00022  -20.8902
00008   00023  -31.3102
00008   00024  -28.9252
00009   00000  -63.6509
00009   00001  -62.6948
00009   00002  -86.6088
00009   00003  -37.5607
00009   00004  -73.2373
00009   00005  -63.4301
00009   00006  -15.8568
00009   00007  -63.1671
00009   00008  -46.3365
00009   00010  -56.5994
00009   00011  -75.1109
00009   00012  -70.1093
00009   00013  -71.8459
00009   00014  -73.2069
00009   00015  -32.435
00009   00016  -72.1035
00009   00017  -61.7114
00009   00018  -13.3923
00009   00019  -83.2357
00009   00020  -51.0747
00009   00021  -2.54134
00009   00022  -58.6602
00009   00023  -81.5123
00009   00024  -71.6425
00010   00000  -24.1344
00010   00001  -15.5489
00010   00002  -29.0736
00010   00003  -61.904
00010   00004  -15.5593
00010   00005  -19.355
00010   00006  -61.0683
00010   00007  -29.6479
00010   00008  -17.4076
00010   00009  -56.5994
00010   00011  -20.583
00010   00012  -35.4527
00010   00013  -21.1106
00010   00014  -23.2144
00010   00015  -54.0238
00010   00016  -21.0079
00010   00017  -20.8998
00010   00018  -57.9169
00010   00019  -50.1658
00010   00020  -18.5833
00010   00021  -63.1905
00010   00022  -0.73923
00010   00023  -18.7039
00010   00024  -43.6976
00011   00000  -4.34281
00011   00001  -15.0085
00011   00002  -34.1627
00011   00003  -73.8388
00011   00004  -32.0036
00011   00005  -33.1749
00011   00006  -78.1275
00011   00007  -40.8145
00011   00008  -24.2699
00011   00009  -75.1109
00011   00010  -20.583
00011   00012  -27.6108
00011   00013  -18.1991
00011   00014  -25.3863
00011   00015  -68.5376
00011   00016  -36.2369
00011   00017  -31.4304
00011   00018  -75.6901
00011   00019  -62.3318
00011   00020  -23.3072
00011   00021  -79.5461
00011   00022  -21.0749
00011   00023  -4.59457
00011   00024  -33.4701
00012   00000  -25.6422
00012   00001  -43.2401
00012   00002  -62.1515
00012   00003  -67.8665
00012   00004  -32.6906
00012   00005  -27.5163
00012   00006  -67.0331
00012   00007  -30.0896
00012   00008  -22.3566
00012   00009  -70.1093
00012   00010  -35.4527
00012   00011  -27.6108
00012   00013  -50.4108
00012   00014  -44.0817
00012   00015  -59.9466
00012   00016  -36.5683
00012   00017  -27.9106
00012   00018  -65.1468
00012   00019  -48.5063
00012   00020  -21.2652
00012   00021  -75.1018
00012   00022  -36.8673
00012   00023  -38.5272
00012   00024  -1.68371
00013   00000  -13.886
00013   00001  -1.56607
00013   00002  -9.50664
00013   00003  -65.9739
00013   00004  -18.9293
00013   00005  -38.2476
00013   00006  -73.9982
00013   00007  -37.3389
00013   00008  -36.2829
00013   00009  -71.8459
00013   00010  -21.1106
00013   00011  -18.1991
00013   00012  -50.4108
00013   00014  -6.56707
00013   00015  -61.4602
00013   00016  -17.5412
00013   00017  -34.8279
00013   00018  -70.9057
00013   00019  -57.1882
00013   00020  -38.2207
00013   00021  -79.5382
00013   00022  -19.5837
00013   00023  -20.8484
00013   00024  -54.1348
00014   00000  -21.749
00014   00001  -7.61055
00014   00002  -7.55016
00014   00003  -65.7622
00014   00004  -18.5886
00014   00005  -37.4462
00014   00006  -73.0245
00014   00007  -32.4895
00014   00008  -37.6971
00014   00009  -73.2069
00014   00010  -23.2144
00014   00011  -25.3863
00014   00012  -44.0817
00014   00013  -6.56707
00014   00015  -58.548
00014   00016  -14.3763
00014   00017  -34.0781
00014   00018  -68.2007
00014   00019  -48.4245
00014   00020  -40.7655
00014   00021  -80.4026
00014   00022  -20.7127
00014   00023  -31.3739
00014   00024  -45.1116
00015   00000  -57.1763
00015   00001  -51.372
00015   00002  -73.3809
00015   00003  -3.4905
00015   00004  -53.7066
00015   00005  -68.3216
00015   00006  -23.432
00015   00007  -49.2321
00015   00008  -59.8217
00015   00009  -32.435
00015   00010  -54.0238
00015   00011  -68.5376
00015   00012  -59.9466
00015   00013  -61.4602
00015   00014  -58.548
00015   00016  -51.8942
00015   00017  -63.8465
00015   00018  -22.2064
00015   00019  -70.5086
00015   00020  -60.3404
00015   00021  -28.2644
00015   00022  -55.8622
00015   00023  -73.2227
00015   00024  -61.1877
00016   00000  -32.6151
00016   00001  -16.599
00016   00002  -19.0519
00016   00003  -59.5541
00016   00004  -2.61802
00016   00005  -25.914
00016   00006  -60.8907
00016   00007  -20.1528
00016   00008  -36.5427
00016   00009  -72.1035
00016   00010  -21.0079
00016   00011  -36.2369
00016   00012  -36.5683
00016   00013  -17.5412
00016   00014  -14.3763
00016   00015  -51.8942
00016   00017  -23.9026
00016   00018  -60.1102
00016   00019  -32.9313
00016   00020  -38.4299
00016   00021  -78.0596
00016   00022  -19.2231
00016   00023  -39.4793
00016   00024  -40.2728
00017   00000  -28.2766
00017   00001  -31.1771
00017   00002  -44.1607
00017   00003  -76.2377
00017   00004  -24.6614
00017   00005  -1.06907
00017   00006  -48.71
00017   00007  -29.8838
00017   00008  -16.0138
00017   00009  -61.7114
00017   00010  -20.8998
00017   00011  -31.4304
00017   00012  -27.9106
00017   00013  -34.8279
00017   00014  -34.0781
00017   00015  -63.8465
00017   00016  -23.9026
00017   00018  -47.7572
00017   00019  -51.625
00017   00020  -17.8976
00017   00021  -67.636
00017   00022  -24.7975
00017   00023  -42.0491
00017   00024  -32.1498
00018   00000  -63.7793
00018   00001  -61.1329
00018   00002  -83.4555
00018   00003  -29.0986
00018   00004  -61.5891
00018   00005  -50.7762
00018   00006  -2.25856
00018   00007  -65.4148
00018   00008  -54.957
00018   00009  -13.3923
00018   00010  -57.9169
00018   00011  -75.6901
00018   00012  -65.1468
00018   00013  -70.9057
00018   00014  -68.2007
00018   00015  -22.2064
00018   00016  -60.1102
00018   00017  -47.7572
00018   00019  -86.0038
00018   00020  -58.7992
00018   00021  -13.2936
00018   00022  -60.663
00018   00023  -83.4985
00018   00024  -64.158
00019   00000  -59.1521
00019   00001  -55.2995
00019   00002  -41.6715
00019   00003  -80.8654
00019   00004  -41.23
00019   00005  -56.1705
00019   00006  -79.4509
00019   00007  -9.52093
00019   00008  -45.2127
00019   00009  -83.2357
00019   00010  -50.1658
00019   00011  -62.3318
00019   00012  -48.5063
00019   00013  -57.1882
00019   00014  -48.4245
00019   00015  -70.5086
00019   00016  -32.9313
00019   00017  -51.625
00019   00018  -86.0038
00019   00020  -45.0632
00019   00021  -86.0135
00019   00022  -48.7817
00019   00023  -67.3454
00019   00024  -54.0409
00020   00000  -19.9121
00020   00001  -31.9264
00020   00002  -50.3364
00020   00003  -71.9473
00020   00004  -37.0209
00020   00005  -16.647
00020   00006  -59.8334
00020   00007  -22.1968
00020   00008  -1.08184
00020   00009  -51.0747
00020   00010  -18.5833
00020   00011  -23.3072
00020   00012  -21.2652
00020   00013  -38.2207
00020   00014  -40.7655
00020   00015  -60.3404
00020   00016  -38.4299
00020   00017  -17.8976
00020   00018  -58.7992
00020   00019  -45.0632
00020   00021  -56.1728
00020   00022  -22.3757
00020   00023  -29.5852
00020   00024  -28.8433
00021   00000  -67.9961
00021   00001  -70.3167
00021   00002  -96.2941
00021   00003  -32.293
00021   00004  -80.8753
00021   00005  -70.0238
00021   00006  -14.6592
00021   00007  -66.5479
00021   00008  -51.709
00021   00009  -2.54134
00021   00010  -63.1905
00021   00011  -79.5461
00021   00012  -75.1018
00021   00013  -79.5382
00021   00014  -80.4026
00021   00015  -28.2644
00021   00016  -78.0596
00021   00017  -67.636
00021   00018  -13.2936
00021   00019  -86.0135
00021   00020  -56.1728
00021   00022  -65.6443
00021   00023  -86.8111
00021   00024  -76.3457
00022   00000  -25.0202
00022   00001  -14.6051
00022   00002  -25.6046
00022   00003  -63.2526
00022   00004  -13.8644
00022   00005  -23.6283
00022   00006  -64.1717
00022   00007  -30.3476
00022   00008  -20.8902
00022   00009  -58.6602
00022   00010  -0.73923
00022   00011  -21.0749
00022   00012  -36.8673
00022   00013  -19.5837
00022   00014  -20.7127
00022   00015  -55.8622
00022   00016  -19.2231
00022   00017  -24.7975
00022   00018  -60.663
00022   00019  -48.7817
00022   00020  -22.3757
00022   00021  -65.6443
00022   00023  -17.5045
00022   00024  -44.2907
00023   00000  -10.4719
00023   00001  -16.7614
00023   00002  -35.1626
00023   00003  -76.6066
00023   00004  -32.1753
00023   00005  -43.2948
00023   00006  -86.0666
00023   00007  -48.4076
00023   00008  -31.3102
00023   00009  -81.5123
00023   00010  -18.7039
00023   00011  -4.59457
00023   00012  -38.5272
00023   00013  -20.8484
00023   00014  -31.3739
00023   00015  -73.2227
00023   00016  -39.4793
00023   00017  -42.0491
00023   00018  -83.4985
00023   00019  -67.3454
00023   00020  -29.5852
00023   00021  -86.8111
00023   00022  -17.5045
00023   00024  -45.4069
00024   00000  -28.7066
00024   00001  -47.6061
00024   00002  -65.4028
00024   00003  -67.9998
00024   00004  -37.8132
00024   00005  -32.5201
00024   00006  -67.0455
00024   00007  -36.8612
00024   00008  -28.9252
00024   00009  -71.6425
00024   00010  -43.6976
00024   00011  -33.4701
00024   00012  -1.68371
00024   00013  -54.1348
00024   00014  -45.1116
00024   00015  -61.1877
00024   00016  -40.2728
00024   00017  -32.1498
00024   00018  -64.158
00024   00019  -54.0409
00024   00020  -28.8433
00024   00021  -76.3457
00024   00022  -44.2907
00024   00023  -45.4069
